10
3 3 3
1 2 3
4 5 6
7 8 9
4 5 3
2 3 5 3 1
3 8 1 8 3
4 2 3 3 1
5 6 5 7 9
5 5 4
11 75 97 9 36
14 33 72 12 57
44 77 38 98 67
38 30 69 16 48
45 29 35 64 56
5 6 4
27 54 49 4 92 29
89 75 19 10 87 51
28 65 47 23 61 98
70 95 67 41 60 15
7 99 68 46 42 73
7 7 5
53 55 50 50 61 59 91
23 13 20 48 59 12 100
91 94 55 33 28 8 34
77 65 48 59 78 43 38
22 48 30 100 1 31 75
93 57 45 91 50 82 56
22 99 33 87 88 82 62
10 10 5
74 90 28 31 95 23 58 62 98 49
68 14 37 76 4 90 43 18 33 73
90 6 9 13 36 63 77 63 95 78
75 87 56 24 80 14 2 40 59 86
45 64 89 95 33 22 2 77 94 52
21 73 68 1 72 3 12 44 22 67
96 78 69 2 57 93 61 76 4 61
46 83 86 6 20 7 49 72 4 1
92 14 53 31 70 94 10 4 93 98
57 61 59 31 28 98 47 6 47 39
10 10 8
70 65 44 66 1 37 69 9 73 90
81 89 88 10 32 24 49 2 52 43
31 73 62 11 26 99 20 95 13 4
6 1 84 10 66 54 63 28 8 67
89 82 31 10 76 27 54 77 5 42
73 45 14 27 45 12 49 82 68 39
6 29 88 18 2 55 88 81 62 36
42 51 64 50 100 18 97 78 7 42
48 77 13 95 2 76 85 82 23 65
47 66 93 86 66 15 87 93 21 13
10 10 10
94 98 13 93 27 19 71 69 66 47
7 44 6 94 25 73 12 57 15 8
65 36 62 94 88 85 28 78 75 37
12 30 45 5 46 27 13 12 43 15
45 92 10 15 27 83 74 86 31 46
49 32 75 6 30 45 5 89 48 44
49 18 43 25 69 98 24 20 66 95
74 43 18 81 64 10 56 19 17 18
88 63 42 83 89 57 82 60 89 96
2 32 75 8 77 32 50 13 42 19
15 15 10
46 65 87 21 19 7 17 50 16 64 64 40 7 47 3
38 29 94 91 92 53 38 92 28 80 94 42 48 47 31
35 14 22 97 43 27 7 98 93 23 36 28 24 69 13
17 2 44 34 41 45 1 56 80 82 90 43 9 90 83
90 15 34 30 63 88 17 25 36 48 40 73 90 41 33
16 14 27 69 62 65 31 62 5 55 33 86 43 4 62
96 78 94 50 77 44 16 85 49 97 61 27 3 35 52
72 50 57 17 12 87 57 40 33 92 6 40 46 70 9
45 47 77 49 7 62 5 62 58 8 80 11 21 6 24
87 4 98 4 65 62 41 36 68 11 75 35 53 95 23
53 15 23 70 56 12 5 63 16 82 13 64 99 52 49
33 93 55 97 9 5 44 5 61 98 55 5 47 20 95
62 81 55 17 76 28 78 49 7 49 45 34 53 33 16
40 62 13 98 53 38 13 53 60 32 66 29 99 67 21
98 30 59 9 23 98 6 8 37 98 59 8 2 83 7
20 20 10
8 10 97 43 78 88 28 49 28 80 23 36 34 11 29 85 73 66 75 6
87 85 97 4 72 75 51 43 25 8 76 82 19 56 27 40 10 18 76 79
82 85 64 74 13 22 78 73 19 68 35 79 35 90 70 1 84 38 79 63
47 39 30 100 31 15 14 95 61 7 77 18 79 98 8 21 31 50 15 7
69 63 61 27 93 18 9 98 74 42 12 58 84 70 56 44 93 26 100 64
88 90 15 70 14 21 54 71 76 88 2 16 23 47 68 31 95 17 54 65
49 4 49 37 96 37 10 18 6 75 82 9 89 48 23 8 36 58 65 64
73 63 79 100 70 55 3 89 27 22 12 69 100 64 47 6 50 16 26 50
78 1 33 34 77 53 20 3 78 96 87 46 50 11 6 99 73 88 57 36
22 46 30 50 93 49 78 78 83 94 4 56 43 88 87 30 19 93 25 94
17 65 36 7 5 37 80 14 21 70 80 95 54 83 86 25 64 19 49 13
71 38 81 27 43 81 86 73 8 5 11 81 100 44 68 4 23 62 25 36
24 77 34 42 42 70 41 85 12 3 93 66 58 12 74 41 91 40 70 45
66 8 75 14 72 25 64 24 77 51 26 30 1 96 66 29 23 99 23 69
72 12 51 40 15 33 27 50 21 30 42 24 34 12 26 54 55 71 12 78
79 61 64 42 38 16 71 3 33 21 91 75 49 49 30 42 80 85 36 6
14 52 29 6 49 9 1 74 29 19 97 71 75 74 59 72 77 16 62 11
2 70 2 57 29 7 48 64 89 22 60 34 79 23 28 68 8 85 64 49
25 61 88 79 6 35 66 15 30 87 58 3 52 12 76 32 76 32 59 7
43 24 93 74 65 21 90 18 18 42 72 83 53 41 14 57 60 67 6 70

